XXX 1
[-0.04696129 -0.00419394  0.02904325  0.01636573]
[1. 1. 1. 1.]
#1 Accuracy: 50.43% (18.13s)
#2 Accuracy: 50.43% (18.06s)
#3 Accuracy: 50.43% (18.18s)
XXX 2
[-0.04696129 -0.00419394  0.02904325  0.01636573]
[1. 0. 1. 1. 1. 1. 1. 1.]
#1 Accuracy: 88.81% (12.10s)
#2 Accuracy: 88.93% (12.20s)
#3 Accuracy: 88.93% (13.52s)
XXX 3
[-0.04696129 -0.00419394  0.02904325  0.01636573]
[1. 1. 0. 1. 1. 0. 1. 1. 1. 1. 1. 0.]
#1 Accuracy: 89.15% (13.25s)
#2 Accuracy: 88.25% (13.37s)
#3 Accuracy: 90.86% (14.19s)
XXX 4
[-0.04696129 -0.00419394  0.02904325  0.01636573]
[1. 1. 0. 0. 1. 1. 1. 0. 1. 1. 1. 1. 1. 1. 1. 0.]
#1 Accuracy: 88.35% (14.64s)
#2 Accuracy: 91.38% (16.22s)
#3 Accuracy: 87.54% (14.69s)
XXX 5
[-0.04696129 -0.00419394  0.02904325  0.01636573]
[1. 1. 1. 0. 0. 1. 1. 1. 0. 0. 1. 1. 1. 1. 1. 1. 1. 1. 1. 0.]
#1 Accuracy: 91.07% (17.10s)
#2 Accuracy: 90.67% (19.32s)
#3 Accuracy: 90.46% (18.16s)
XXX 6
[-0.04696129 -0.00419394  0.02904325  0.01636573]
[1. 1. 1. 0. 0. 0. 1. 1. 1. 1. 0. 0. 1. 1. 1. 1. 1. 1. 1. 1. 1. 1. 0. 0.]
#1 Accuracy: 91.79% (21.99s)
#2 Accuracy: 91.13% (21.51s)
#3 Accuracy: 88.35% (19.03s)
XXX 7
[-0.04696129 -0.00419394  0.02904325  0.01636573]
[1. 1. 1. 1. 0. 0. 0. 1. 1. 1. 1. 0. 0. 0. 1. 1. 1. 1. 1. 1. 1. 1. 1. 1.
 1. 1. 0. 0.]
#1 Accuracy: 90.67% (19.62s)
#2 Accuracy: 91.31% (23.76s)
#3 Accuracy: 90.99% (19.96s)
XXX 8
[-0.04696129 -0.00419394  0.02904325  0.01636573]
[1. 1. 1. 1. 0. 0. 0. 0. 1. 1. 1. 1. 1. 0. 0. 0. 1. 1. 1. 1. 1. 1. 1. 1.
 1. 1. 1. 1. 1. 0. 0. 0.]
#1 Accuracy: 91.58% (21.91s)
#2 Accuracy: 91.62% (24.13s)
#3 Accuracy: 90.65% (21.85s)
XXX 9
[-0.04696129 -0.00419394  0.02904325  0.01636573]
[1. 1. 1. 1. 1. 0. 0. 0. 0. 1. 1. 1. 1. 1. 0. 0. 0. 0. 1. 1. 1. 1. 1. 1.
 1. 1. 1. 1. 1. 1. 1. 1. 1. 0. 0. 0.]
#1 Accuracy: 90.85% (23.05s)
#2 Accuracy: 90.59% (23.23s)
#3 Accuracy: 91.86% (27.06s)
XXX 10
[-0.04696129 -0.00419394  0.02904325  0.01636573]
[1. 1. 1. 1. 1. 0. 0. 0. 0. 0. 1. 1. 1. 1. 1. 1. 0. 0. 0. 0. 1. 1. 1. 1.
 1. 1. 1. 1. 1. 1. 1. 1. 1. 1. 1. 1. 1. 0. 0. 0.]
#1 Accuracy: 91.33% (27.62s)
#2 Accuracy: 90.94% (26.24s)
#3 Accuracy: 90.13% (24.25s)
XXX 11
[-0.04696129 -0.00419394  0.02904325  0.01636573]
[1. 1. 1. 1. 1. 1. 0. 0. 0. 0. 0. 1. 1. 1. 1. 1. 1. 0. 0. 0. 0. 0. 1. 1.
 1. 1. 1. 1. 1. 1. 1. 1. 1. 1. 1. 1. 1. 1. 1. 1. 0. 0. 0. 0.]
#1 Accuracy: 91.87% (27.67s)
#2 Accuracy: 91.85% (31.13s)
#3 Accuracy: 91.41% (27.29s)
XXX 12
[-0.04696129 -0.00419394  0.02904325  0.01636573]
[1. 1. 1. 1. 1. 1. 0. 0. 0. 0. 0. 0. 1. 1. 1. 1. 1. 1. 1. 0. 0. 0. 0. 0.
 1. 1. 1. 1. 1. 1. 1. 1. 1. 1. 1. 1. 1. 1. 1. 1. 1. 1. 1. 1. 0. 0. 0. 0.]
#1 Accuracy: 91.28% (31.29s)
#2 Accuracy: 91.24% (31.70s)
#3 Accuracy: 90.79% (28.44s)
XXX 13
[-0.04696129 -0.00419394  0.02904325  0.01636573]
[1. 1. 1. 1. 1. 1. 1. 0. 0. 0. 0. 0. 0. 1. 1. 1. 1. 1. 1. 1. 0. 0. 0. 0.
 0. 0. 1. 1. 1. 1. 1. 1. 1. 1. 1. 1. 1. 1. 1. 1. 1. 1. 1. 1. 1. 1. 1. 0.
 0. 0. 0. 0.]
#1 Accuracy: 90.91% (36.03s)
#2 Accuracy: 91.11% (32.61s)
#3 Accuracy: 91.53% (34.44s)
XXX 14
[-0.04696129 -0.00419394  0.02904325  0.01636573]
[1. 1. 1. 1. 1. 1. 1. 0. 0. 0. 0. 0. 0. 0. 1. 1. 1. 1. 1. 1. 1. 1. 0. 0.
 0. 0. 0. 0. 1. 1. 1. 1. 1. 1. 1. 1. 1. 1. 1. 1. 1. 1. 1. 1. 1. 1. 1. 1.
 1. 1. 1. 0. 0. 0. 0. 0.]
#1 Accuracy: 90.19% (29.25s)
#2 Accuracy: 91.41% (34.11s)
#3 Accuracy: 91.12% (30.46s)
XXX 15
[-0.04696129 -0.00419394  0.02904325  0.01636573]
[1. 1. 1. 1. 1. 1. 1. 1. 0. 0. 0. 0. 0. 0. 0. 1. 1. 1. 1. 1. 1. 1. 1. 1.
 0. 0. 0. 0. 0. 0. 1. 1. 1. 1. 1. 1. 1. 1. 1. 1. 1. 1. 1. 1. 1. 1. 1. 1.
 1. 1. 1. 1. 1. 1. 1. 0. 0. 0. 0. 0.]
#1 Accuracy: 91.36% (34.70s)
#2 Accuracy: 91.76% (34.92s)
#3 Accuracy: 91.45% (35.56s)
XXX 16
[-0.04696129 -0.00419394  0.02904325  0.01636573]
[1. 1. 1. 1. 1. 1. 1. 1. 0. 0. 0. 0. 0. 0. 0. 0. 1. 1. 1. 1. 1. 1. 1. 1.
 1. 0. 0. 0. 0. 0. 0. 0. 1. 1. 1. 1. 1. 1. 1. 1. 1. 1. 1. 1. 1. 1. 1. 1.
 1. 1. 1. 1. 1. 1. 1. 1. 1. 1. 0. 0. 0. 0. 0. 0.]
#1 Accuracy: 90.92% (36.14s)
#2 Accuracy: 91.46% (34.00s)
#3 Accuracy: 91.99% (38.45s)
XXX 17
[-0.04696129 -0.00419394  0.02904325  0.01636573]
[1. 1. 1. 1. 1. 1. 1. 1. 1. 0. 0. 0. 0. 0. 0. 0. 0. 1. 1. 1. 1. 1. 1. 1.
 1. 1. 1. 0. 0. 0. 0. 0. 0. 0. 1. 1. 1. 1. 1. 1. 1. 1. 1. 1. 1. 1. 1. 1.
 1. 1. 1. 1. 1. 1. 1. 1. 1. 1. 1. 1. 1. 1. 0. 0. 0. 0. 0. 0.]
#1 Accuracy: 90.74% (33.73s)
#2 Accuracy: 91.94% (41.80s)
#3 Accuracy: 92.04% (41.11s)
XXX 18
[-0.04696129 -0.00419394  0.02904325  0.01636573]
[1. 1. 1. 1. 1. 1. 1. 1. 1. 0. 0. 0. 0. 0. 0. 0. 0. 0. 1. 1. 1. 1. 1. 1.
 1. 1. 1. 1. 0. 0. 0. 0. 0. 0. 0. 0. 1. 1. 1. 1. 1. 1. 1. 1. 1. 1. 1. 1.
 1. 1. 1. 1. 1. 1. 1. 1. 1. 1. 1. 1. 1. 1. 1. 1. 1. 0. 0. 0. 0. 0. 0. 0.]
#1 Accuracy: 90.46% (34.02s)
#2 Accuracy: 90.09% (34.06s)
#3 Accuracy: 91.09% (37.37s)
XXX 19
[-0.04696129 -0.00419394  0.02904325  0.01636573]
[1. 1. 1. 1. 1. 1. 1. 1. 1. 1. 0. 0. 0. 0. 0. 0. 0. 0. 0. 1. 1. 1. 1. 1.
 1. 1. 1. 1. 1. 1. 0. 0. 0. 0. 0. 0. 0. 0. 1. 1. 1. 1. 1. 1. 1. 1. 1. 1.
 1. 1. 1. 1. 1. 1. 1. 1. 1. 1. 1. 1. 1. 1. 1. 1. 1. 1. 1. 1. 1. 0. 0. 0.
 0. 0. 0. 0.]
#1 Accuracy: 90.73% (36.14s)
#2 Accuracy: 90.70% (35.29s)
#3 Accuracy: 91.62% (41.87s)
XXX 20
[-0.04696129 -0.00419394  0.02904325  0.01636573]
[1. 1. 1. 1. 1. 1. 1. 1. 1. 1. 0. 0. 0. 0. 0. 0. 0. 0. 0. 0. 1. 1. 1. 1.
 1. 1. 1. 1. 1. 1. 1. 0. 0. 0. 0. 0. 0. 0. 0. 0. 1. 1. 1. 1. 1. 1. 1. 1.
 1. 1. 1. 1. 1. 1. 1. 1. 1. 1. 1. 1. 1. 1. 1. 1. 1. 1. 1. 1. 1. 1. 1. 1.
 1. 0. 0. 0. 0. 0. 0. 0.]
#1 Accuracy: 91.06% (38.25s)
#2 Accuracy: 91.41% (43.13s)
#3 Accuracy: 90.28% (35.97s)