XXX 1
[ 0.00271421  0.00692889 -0.03746405  0.02677195]
[1. 1. 1. 1.]
#1 Accuracy: 50.01% (18.74s)
#2 Accuracy: 50.01% (18.21s)
#3 Accuracy: 50.00% (18.27s)
XXX 2
[ 0.00271421  0.00692889 -0.03746405  0.02677195]
[1. 0. 1. 1. 1. 0. 1. 1.]
#1 Accuracy: 95.04% (13.41s)
#2 Accuracy: 95.04% (13.04s)
#3 Accuracy: 95.04% (12.83s)
XXX 3
[ 0.00271421  0.00692889 -0.03746405  0.02677195]
[1. 1. 0. 1. 1. 0. 1. 0. 0. 1. 1. 0.]
#1 Accuracy: 82.77% (12.49s)
#2 Accuracy: 82.77% (12.49s)
#3 Accuracy: 83.11% (12.52s)
XXX 4
[ 0.00271421  0.00692889 -0.03746405  0.02677195]
[1. 1. 0. 0. 1. 1. 1. 0. 1. 0. 0. 0. 1. 1. 1. 0.]
#1 Accuracy: 95.04% (17.81s)
#2 Accuracy: 95.04% (17.50s)
#3 Accuracy: 95.04% (17.83s)
XXX 5
[ 0.00271421  0.00692889 -0.03746405  0.02677195]
[1. 1. 1. 0. 0. 1. 1. 1. 0. 0. 1. 0. 0. 0. 0. 1. 1. 1. 0. 0.]
#1 Accuracy: 88.42% (17.61s)
#2 Accuracy: 88.36% (18.40s)
#3 Accuracy: 88.35% (18.62s)
XXX 6
[ 0.00271421  0.00692889 -0.03746405  0.02677195]
[1. 1. 1. 0. 0. 0. 1. 1. 1. 1. 0. 0. 1. 0. 0. 0. 0. 0. 1. 1. 1. 1. 0. 0.]
#1 Accuracy: 95.04% (20.75s)
#2 Accuracy: 95.04% (20.31s)
#3 Accuracy: 95.04% (20.36s)
XXX 7
[ 0.00271421  0.00692889 -0.03746405  0.02677195]
[1. 1. 1. 1. 0. 0. 0. 1. 1. 1. 1. 0. 0. 0. 1. 0. 0. 0. 0. 0. 0. 1. 1. 1.
 1. 0. 0. 0.]
#1 Accuracy: 90.25% (21.15s)
#2 Accuracy: 90.30% (20.93s)
#3 Accuracy: 90.34% (21.18s)
XXX 8
[ 0.00271421  0.00692889 -0.03746405  0.02677195]
[1. 1. 1. 1. 0. 0. 0. 0. 1. 1. 1. 1. 1. 0. 0. 0. 1. 0. 0. 0. 0. 0. 0. 0.
 1. 1. 1. 1. 1. 0. 0. 0.]
#1 Accuracy: 95.04% (23.62s)
#2 Accuracy: 95.04% (23.12s)
#3 Accuracy: 95.04% (23.19s)
XXX 9
[ 0.00271421  0.00692889 -0.03746405  0.02677195]
[1. 1. 1. 1. 1. 0. 0. 0. 0. 1. 1. 1. 1. 1. 0. 0. 0. 0. 1. 0. 0. 0. 0. 0.
 0. 0. 0. 1. 1. 1. 1. 1. 1. 0. 0. 0.]
#1 Accuracy: 91.22% (26.24s)
#2 Accuracy: 91.21% (25.51s)
#3 Accuracy: 91.22% (25.51s)
XXX 10
[ 0.00271421  0.00692889 -0.03746405  0.02677195]
[1. 1. 1. 1. 1. 0. 0. 0. 0. 0. 1. 1. 1. 1. 1. 1. 0. 0. 0. 0. 1. 0. 0. 0.
 0. 0. 0. 0. 0. 0. 1. 1. 1. 1. 1. 1. 0. 0. 0. 0.]
#1 Accuracy: 95.04% (28.62s)
#2 Accuracy: 95.04% (28.34s)
#3 Accuracy: 95.04% (27.08s)
XXX 11
[ 0.00271421  0.00692889 -0.03746405  0.02677195]
[1. 1. 1. 1. 1. 1. 0. 0. 0. 0. 0. 1. 1. 1. 1. 1. 1. 0. 0. 0. 0. 0. 1. 0.
 0. 0. 0. 0. 0. 0. 0. 0. 0. 1. 1. 1. 1. 1. 1. 1. 0. 0. 0. 0.]
#1 Accuracy: 92.73% (28.96s)
#2 Accuracy: 92.95% (28.91s)
#3 Accuracy: 92.87% (29.22s)
XXX 12
[ 0.00271421  0.00692889 -0.03746405  0.02677195]
[1. 1. 1. 1. 1. 1. 0. 0. 0. 0. 0. 0. 1. 1. 1. 1. 1. 1. 1. 0. 0. 0. 0. 0.
 1. 0. 0. 0. 0. 0. 0. 0. 0. 0. 0. 0. 1. 1. 1. 1. 1. 1. 1. 0. 0. 0. 0. 0.]
#1 Accuracy: 95.04% (31.46s)
#2 Accuracy: 95.04% (31.12s)
#3 Accuracy: 95.04% (31.24s)
XXX 13
[ 0.00271421  0.00692889 -0.03746405  0.02677195]
[1. 1. 1. 1. 1. 1. 0. 0. 0. 0. 0. 0. 0. 1. 1. 1. 1. 1. 1. 1. 0. 0. 0. 0.
 0. 0. 1. 0. 0. 0. 0. 0. 0. 0. 0. 0. 0. 0. 0. 1. 1. 1. 1. 1. 1. 1. 1. 0.
 0. 0. 0. 0.]
#1 Accuracy: 94.23% (32.61s)
#2 Accuracy: 94.14% (33.07s)
#3 Accuracy: 94.15% (32.82s)
XXX 14
[ 0.00271421  0.00692889 -0.03746405  0.02677195]
[1. 1. 1. 1. 1. 1. 1. 0. 0. 0. 0. 0. 0. 0. 1. 1. 1. 1. 1. 1. 1. 1. 0. 0.
 0. 0. 0. 0. 1. 0. 0. 0. 0. 0. 0. 0. 0. 0. 0. 0. 0. 0. 1. 1. 1. 1. 1. 1.
 1. 1. 0. 0. 0. 0. 0. 0.]
#1 Accuracy: 95.07% (35.24s)
#2 Accuracy: 95.18% (33.60s)
#3 Accuracy: 95.12% (34.82s)
XXX 15
[ 0.00271421  0.00692889 -0.03746405  0.02677195]
[1. 1. 1. 1. 1. 1. 1. 0. 0. 0. 0. 0. 0. 0. 0. 1. 1. 1. 1. 1. 1. 1. 1. 0.
 0. 0. 0. 0. 0. 0. 1. 0. 0. 0. 0. 0. 0. 0. 0. 0. 0. 0. 0. 0. 0. 1. 1. 1.
 1. 1. 1. 1. 1. 1. 0. 0. 0. 0. 0. 0.]
#1 Accuracy: 94.55% (35.94s)
#2 Accuracy: 94.29% (35.30s)
#3 Accuracy: 94.80% (36.09s)
XXX 16
[ 0.00271421  0.00692889 -0.03746405  0.02677195]
[1. 1. 1. 1. 1. 1. 1. 1. 0. 0. 0. 0. 0. 0. 0. 0. 1. 1. 1. 1. 1. 1. 1. 1.
 1. 0. 0. 0. 0. 0. 0. 0. 1. 0. 0. 0. 0. 0. 0. 0. 0. 0. 0. 0. 0. 0. 0. 0.
 1. 1. 1. 1. 1. 1. 1. 1. 1. 1. 0. 0. 0. 0. 0. 0.]
#1 Accuracy: 95.54% (36.64s)
#2 Accuracy: 95.50% (36.76s)
#3 Accuracy: 94.81% (37.18s)
XXX 17
[ 0.00271421  0.00692889 -0.03746405  0.02677195]
[1. 1. 1. 1. 1. 1. 1. 1. 0. 0. 0. 0. 0. 0. 0. 0. 0. 1. 1. 1. 1. 1. 1. 1.
 1. 1. 0. 0. 0. 0. 0. 0. 0. 0. 1. 0. 0. 0. 0. 0. 0. 0. 0. 0. 0. 0. 0. 0.
 0. 0. 0. 1. 1. 1. 1. 1. 1. 1. 1. 1. 1. 0. 0. 0. 0. 0. 0. 0.]
#1 Accuracy: 95.03% (39.36s)
#2 Accuracy: 95.34% (44.56s)
#3 Accuracy: 94.69% (52.19s)
XXX 18
[ 0.00271421  0.00692889 -0.03746405  0.02677195]
[1. 1. 1. 1. 1. 1. 1. 1. 1. 0. 0. 0. 0. 0. 0. 0. 0. 0. 1. 1. 1. 1. 1. 1.
 1. 1. 1. 1. 0. 0. 0. 0. 0. 0. 0. 0. 1. 0. 0. 0. 0. 0. 0. 0. 0. 0. 0. 0.
 0. 0. 0. 0. 0. 0. 1. 1. 1. 1. 1. 1. 1. 1. 1. 1. 1. 0. 0. 0. 0. 0. 0. 0.]
#1 Accuracy: 96.00% (46.04s)
#2 Accuracy: 95.34% (42.35s)
#3 Accuracy: 95.26% (41.82s)
XXX 19
[ 0.00271421  0.00692889 -0.03746405  0.02677195]
[1. 1. 1. 1. 1. 1. 1. 1. 1. 0. 0. 0. 0. 0. 0. 0. 0. 0. 0. 1. 1. 1. 1. 1.
 1. 1. 1. 1. 1. 0. 0. 0. 0. 0. 0. 0. 0. 0. 1. 0. 0. 0. 0. 0. 0. 0. 0. 0.
 0. 0. 0. 0. 0. 0. 0. 0. 0. 1. 1. 1. 1. 1. 1. 1. 1. 1. 1. 1. 0. 0. 0. 0.
 0. 0. 0. 0.]
#1 Accuracy: 95.43% (43.97s)
#2 Accuracy: 94.92% (42.68s)
#3 Accuracy: 95.31% (42.90s)
